latitude = -6.2292;
longitude =106.6605;

latitude = -6.2292 
latitude = -6.2292994
JARAK =0.64m (2.11kAKI)

longitude =106.6605;
longitude =106.6602739;
JARAK =26.93m (2.11kAKI)